@ ToolsKG/TempFiles/adsorption_stability_temp_data/geometric/3cc49684h3_av.txt Unitcell_volume: 5034.01   Density: 1.20818   AV_A^3: 24.6667 AV_Volume_fraction: 0.0049 AV_cm^3/g: 0.00405568 NAV_A^3: 27.1837 NAV_Volume_fraction: 0.0054 NAV_cm^3/g: 0.00446952
Number_of_channels: 2 Channel_volume_A^3: 12.0816  12.585  
Number_of_pockets: 4 Pocket_volume_A^3: 5.53741  10.068  4.02721  7.55102  
