@ ToolsKG/TempFiles/adsorption_stability_temp_data/geometric/TBAPy_Ti_Andres_av.txt Unitcell_volume: 6596.6   Density: 0.811953   AV_A^3: 740.138 AV_Volume_fraction: 0.1122 AV_cm^3/g: 0.138185 NAV_A^3: 0.65966 NAV_Volume_fraction: 0.0001 NAV_cm^3/g: 0.00012316
Number_of_channels: 4 Channel_volume_A^3: 319.935  57.3904  317.956  44.8569  
Number_of_pockets: 16 Pocket_volume_A^3: 0  0  0  0  0  0  0  0  0  0  0  0.65966  0  0  0  0  
