@ ToolsKG/TempFiles/adsorption_stability_temp_data/geometric/TBAPy_Ti_Andres_sa.txt Unitcell_volume: 6596.6   Density: 0.811953   ASA_A^2: 878.123 ASA_m^2/cm^3: 1331.18 ASA_m^2/g: 1639.47 NASA_A^2: 13.5191 NASA_m^2/cm^3: 20.4941 NASA_m^2/g: 25.2405
Number_of_channels: 4 Channel_surface_area_A^2: 288.89  150.963  291.14  147.13  
Number_of_pockets: 16 Pocket_surface_area_A^2: 0.716675  0.812232  0.923715  0.907789  0.589266  1.27409  0.557414  1.13075  1.21038  0.525562  1.35659  0.127409  0.902798  0.589266  0.907789  0.987419  
